6
0 79 39 99 82 86 
79 0 14 30 62 39 
39 14 0 17 33 78 
99 30 17 0 34 53 
82 62 33 34 0 91 
86 39 78 53 91 0 

0 3 3 3 0 2 
3 0 1 1 3 3 
3 1 0 2 0 3 
3 1 2 0 1 2 
0 3 0 1 0 1 
2 3 3 2 1 0 

0 1 2 3 4 5 
